3872
8497
27
1871
9828
7523
2061
5881
2293
1520
8073
1499
3017
606
230
7878
2912
2068
9862
1712
7741
6616
5153
8947
742
504
2525
9070
4915
3680
5888
212
7114
7746
3707
3446
438
3582
7878
9967
9696
8455
2743
9858
8175
6380
772
8666
3801
7167
7153
4874
1274
8363
2779
1091
5993
2473
2842
9631
1448
1848
5591
4211
9085
4759
1841
4897
707
3272
8608
730
3956
7753
8890
5812
9087
9611
8319
4240
2985
8049
4353
3682
2945
6
7362
7248
5624
154
954
2453
1436
7295
548
6833
2745
1846
4925
982
9550
7493
4828
8460
7479
204
9861
7803
5012
9189
4813
1753
7538
6307
4991
7647
5199
8879
3882
446
6408
8677
2253
3948
3035
731
7166
4349
1456
9716
559
5459
5227
8062
8780
3331
4582
5019
238
1952
1310
5107
8671
2520
861
814
614
4876
7589
8637
7011
3393
5701
9502
3547
6888
8569
237
7911
4018
28
383
50
9361
7785
2270
7491
1660
2894
6714
1007
7665
9910
8701
6335
2656
9115
2786
6664
5314
7043
938
6561
3255
4651
7781
4026
2797
7032
2445
1232
443
6999
2635
9363
9680
5909
741
3895
6314
7820
3680
1692
2925
6290
8316
446
5198
48
1596
3618
5332
9577
2140
6998
1289
4015
6300
3652
2180
5919
9398
7602
3719
7064
5155
6763
4932
6873
5534
2863
7372
88
9789
3004
2259
9609
3562
9689
5923
9890
7197
2666
9791
1969
8066
7396
1127
7135
4223
6104
8437
5396
2286
385
590
2407
2375
9874
1792
2174
2088
7223
5041
7585
8330
639
4308
252
1998
3292
7577
8119
158
2390
6925
7817
713
4688
5317
3710
1911
6555
1219
464
8788
5730
808
7708
4620
1954
9757
1049
8948
4871
5213
8182
7181
5780
1660
5811
5667
8162
1904
7198
1956
9954
9225
5654
6455
3812
6210
1150
5821
3838
8824
1498
1015
3373
4377
7485
8664
4566
7783
2865
4668
8849
2716
7411
9906
8497
7786
477
1732
6864
2850
6298
9933
5157
4528
1578
7671
1627
5327
4645
4416
1114
5668
6210
3041
290
9628
7135
2317
4610
7194
3224
6397
8903
3888
1913
5098
3481
4328
7478
5070
4837
5061
8865
5405
6130
9332
3615
6978
8890
3243
9985
8435
1641
1349
3930
840
4191
5015
5659
4135
4168
1890
1559
8743
7167
8600
8619
9543
8564
2127
2047
7043
2140
730
8804
987
7736
2267
9568
3582
5819
3110
4621
4078
8682
7349
6860
3560
3722
4160
5037
5997
8399
5709
7793
2873
357
4787
4139
4365
844
4342
470
4534
7923
4999
5571
8675
2264
8001
4490
2122
9624
6903
3487
3649
8646
7251
4986
5400
6246
8969
3975
4175
6520
2968
3851
2826
5800
2561
4422
8690
7177
8281
2692
3954
8716
4120
829
2340
2991
1884
4149
8655
8748
6949
5099
7855
3819
5204
1838
3766
8756
8435
6447
5637
9510
3882
3985
3727
5553
2515
2942
4104
4873
2946
6485
5113
5503
8327
8570
2092
4197
7901
8134
3841
5198
1468
4973
6721
8994
8486
8390
1920
1918
7023
2443
3573
3063
1771
2749
5357
7078
8564
5945
9244
7699
1565
5979
7786
475
787
5685
7954
5313
1572
7976
7640
3760
2595
5589
2017
6417
5017
4989
5427
2882
5869
2982
9467
6566
3555
7560
4647
3826
6842
3793
1191
5869
3843
5043
7634
2183
7699
4099
6134
8574
2524
4774
5710
3439
6107
4174
6832
5880
2477
5796
1647
8518
6839
9849
1645
6404
8098
3160
8315
6247
166
1283
939
5141
6208
5750
9182
1578
353
7159
4965
5902
4847
670
7835
5991
9942
2858
9502
4346
8699
6336
7923
6520
5494
7168
8243
4531
7553
830
8800
9571
6086
2627
8008
1232
7902
8401
5709
6860
8201
540
7220
8698
3528
5156
2991
3620
3015
9287
185
5169
6504
6953
4319
9527
4481
6441
2747
3454
2357
1000
2771
7101
1283
143
3560
4507
4270
5055
5466
8173
9518
3619
8569
4826
1838
2632
1218
5379
1060
5423
1352
1998
2475
7119
2794
3167
3622
7004
6520
3432
6222
3604
5419
3650
57
3745
7604
2773
8265
2685
7720
6199
8929
5022
8679
1016
4386
56
31
2550
6308
3441
4665
8809
3234
7256
5163
9668
3034
6828
3240
1517
7487
2705
762
712
7483
7643
1231
4046
4966
5063
8545
8404
2015
3968
3181
7763
6199
2020
8378
8798
3103
1336
3020
168
3474
3367
9838
3872
3248
6592
4534
4063
1202
6623
8977
2899
43
5365
9686
4373
2796
62
879
950
912
4896
5658
6715
9501
9524
1636
5777
3670
9268
8061
2834
2136
518
1878
843
7486
4660
3713
8273
9888
6200
6634
506
8018
7857
9605
5752
8481
3319
608
5424
77
9379
3504
5269
8755
9284
7983
1672
3755
8933
932
5153
5042
8662
4791
1295
3276
1474
2742
3043
7630
3895
4493
1836
3210
5649
8549
9044
8157
609
3527
9463
7768
1252
5772
8060
2815
4881
5620
4173
3293
6041
3398
140
6430
4620
7020
9670
8246
7476
3601
8536
9360
6419
8463
8211
9116
4260
5164
4735
3362
1912
4798
7133
41
8259
6793
1813
992
9804
5853
742
335
3930
55
3549
1363
4615
4598
6480
157
9809
5840
2788
2601
5026
3375
4321
6291
5011
8510
4273
7206
7794
3716
9688
2936
6822
4026
7005
5993
6982
3075
3043
4918
9116
3814
1770
897
7185
1151
1973
6629
2695
123
4623
4720
9008
3950
3368
9875
2545
3141
2053
9705
7580
9109
8668
8108
3111
1888
4020
3880
5767
895
5508
4620
2858
4515
6705
67
7564
1339
1687
4611
57
5949
742
2473
6870
6293
578
7086
4580
3489
4853
6667
7514
2879
8249
736
3567
4642
5425
3376
8029
2760
5581
2103
4828
6806
6927
4854
6995
6257
5455
845
6455
8439
3437
2387
9807
6416
1993
2287
5742
7600
1099
9904
6472
9418
6444
7491
1319
3201
7587
2658
8651
5514
4834
3884
9195
1191
825
8626
4002
1233
7030
771
9914
118
9742
9362
8739
870
771
2212
7829
8929
3550
1208
7988
6995
312
9523
7584
7096
1932
1841
7324
7056
4410
4945
6835
5898
7390
2516
9628
4808
6422
6305
8550
6632
7515
8136
2224
2000
5535
2792
5424
635
7298
5271
4594
3121
8040
7719
4867
7574
4559
7582
7793
7730
9863
2433
6100
8798
8139
1693
2400
4353
3772
7897
3405
8198
4744
2546
7071
8517
6242
2641
711
2655
7670
1595
3553
7333
6546
4390
4675
934
3162
3754
7904
2878
1671
23
206
5301
3411
2485
1492
5820
9482
6195
1520
6662
1349
5305
7481
3312
7863
598
337
8513
3011
9576
4150
8281
4764
6729
8783
4612
5421
4921
7646
2631
8918
4086
5526
9256
1022
5514
3873
4147
1809
950
2932
6189
1691
9644
3712
4510
9120
4489
5171
8711
3775
5178
7905
7413
6121
8854
7000
6340
7699
6162
949
4636
9294
3631
4690
5527
6798
6673
7286
8213
3135
7735
3465
1212
1500
9254
7206
5947
8377
9556
3773
5795
2749
2125
4681
3311
3922
2986
6096
7329
2174
628
6649
7342
4093
4243
4929
2052
6438
3486
3138
7387
4921
1639
7993
6567
4077
3289
9839
145
8946
1773
7089
9650
4687
7367
2190
4605
2559
8281
951
4652
1920
1933
9059
5464
3043
9839
5766
9975
5064
2985
5001
3445
319
9048
8463
1197
531
9182
8220
9177
361
9848
6313
670
1642
3150
6519
3863
8285
5338
3558
3460
7251
8410
4634
438
7605
8397
9385
709
3576
8510
6451
8500
6255
6920
2905
9168
7045
5686
4372
3502
6674
4259
6601
6914
9681
4612
5974
7226
6310
8039
9880
1813
4142
2853
6684
3444
6156
1507
1827
4744
9019
2219
4312
2674
9771
2292
3459
2044
7261
5875
8445
789
3326
5524
9708
5496
1486
6711
6602
1290
3565
5977
6101
5756
6516
5740
2772
1403
360
376
8365
3418
9562
5101
1505
7721
4582
8052
6227
1604
3125
3818
573
6167
9939
9434
6203
545
3804
2199
2829
7419
9635
9044
2485
4565
5055
9827
5362
7931
3675
3631
7601
6720
8317
2205
6015
5447
6435
8002
8402
7152
4599
4144
7566
5589
4839
4487
3005
2018
2777
3276
6807
348
8990
660
3709
4530
175
2233
255
8346
1892
9731
3521
7056
9109
4706
6634
2200
2211
3986
4185
2685
8115
7533
1082
140
9071
1539
8405
9997
291
8917
2437
5745
234
7993
7694
5017
4782
8915
948
8730
3864
5341
9914
2941
8153
2155
882
9650
9396
8654
4686
4387
8833
1801
5390
2819
1473
4164
7480
342
7387
4978
3803
9789
2430
2236
196
4047
3471
4914
6488
2260
3228
8326
9328
4284
39
4972
972
8199
7693
2409
4467
992
8035
2447
3903
1558
7484
7079
3821
7396
1042
7706
750
3353
5255
4234
9301
3720
1718
2524
4105
9124
3204
9031
9589
5384
4940
6856
8202
8875
2390
6956
2990
1720
7010
2463
3529
3856
8843
8847
9516
592
9516
4280
9870
4264
3320
2779
3938
8160
1187
9274
8771
367
8494
1678
5802
8049
5860
179
7033
796
9901
7066
6653
9116
9177
4242
6124
8631
4754
951
9727
2968
9994
3583
3693
6919
7728
285
3057
8284
25
8335
9540
3806
2306
6191
116
4966
9587
9688
3245
4051
3105
2467
955
3476
9534
3451
4682
7199
8255
4460
7926
7816
3664
5411
5214
6674
6462
4808
889
2712
7760
4053
6098
7980
6564
2648
4616
3877
8128
1844
3885
9723
6737
6514
733
8428
9149
1813
256
8309
3195
9592
18
3186
851
3680
328
7328
8870
8367
4465
5459
6078
5795
9091
5901
7731
4571
6367
8166
2588
5471
4554
619
8078
3480
6743
8557
6880
8993
9430
449
8726
6968
825
6874
672
6838
1556
6202
4301
3172
4979
2776
3991
9113
5359
9336
4285
1111
8816
8993
8973
8890
8173
4088
7883
5587
8011
12
240
2952
2197
7039
5079
1525
2609
1056
4352
8425
3463
9834
6676
8875
5083
388
5100
2525
8601
1530
3355
4084
5712
8197
9910
7669
1062
7515
4278
7851
1873
1674
9284
6639
737
6175
2887
2561
3878
5666
7300
1597
8479
4468
1804
5264
2644
9310
3230
3174
8019
3412
5251
6141
4337
5765
1850
473
4177
993
7401
6068
4346
644
7187
7783
4309
2307
6256
2964
7242
7458
6954
1922
7618
746
7549
6190
4184
695
5080
4375
9345
5699
3088
2366
3936
2303
4690
5030
4056
3046
9284
6618
3331
5892
5874
7733
7162
9042
2917
6436
9581
1565
6009
6022
2387
7998
9056
8991
4701
9009
6810
4842
9667
9278
715
6513
8401
7108
7102
5635
8546
8442
1010
5192
2891
3357
737
2066
6907
3953
4465
9250
4614
2499
1360
4185
2504
2478
691
2061
5915
755
8875
9736
7164
5762
5247
6416
7152
3783
6686
7424
3516
6363
9471
3892
4402
5105
6802
4051
7295
8318
2497
1134
922
1720
4211
3339
5266
6280
4192
8861
1743
5729
3595
1238
26
1652
7510
9696
886
2672
3089
4861
9135
5175
2579
5864
4943
2290
9952
6908
3504
5645
8571
8546
5049
4023
2412
3173
4919
1370
5049
3265
3949
5743
7130
4476
4740
3300
4916
9843
5854
6625
72
606
2073
264
8579
297
5229
4459
7278
2281
3581
2986
1185
6097
9495
8514
2876
9651
4719
4002
7935
5652
5414
7013
8193
5942
6207
576
3482
2572
3156
1807
6668
6595
8307
610
9078
5945
3313
3065
6539
4243
4200
8577
1000
9560
1277
7113
9928
1958
3479
9783
8195
1848
2822
9725
2452
7290
8120
3261
7147
5237
8273
3159
1991
529
2930
294
3473
5454
7430
3898
8615
5703
7497
9112
2921
2181
3464
689
7667
2608
6770
7295
4563
4108
9774
7192
5550
5622
3856
8114
4812
9466
3182
6396
3668
4794
62
2666
723
119
6248
4524
45
5607
4471
1789
5929
5324
4085
9113
516
9724
2349
5408
6863
8974
3881
242
5565
401
9217
5411
9255
9606
5544
7627
7090
7296
2980
4321
7374
5802
8430
6188
4271
2282
4623
377
50
9811
6401
1178
2267
7713
9610
5310
3027
4104
6709
2104
8695
9475
5300
6222
4777
3362
2488
4606
1477
7924
1132
2491
1368
4563
5956
3728
5372
6269
7417
9964
4550
8556
6010
9229
1264
4099
4475
5563
6539
2852
73
6867
8040
6173
1968
139
1954
5143
3606
7302
2353
2816
9282
1520
5069
1644
8106
4393
9786
2891
4440
4143
6800
1000
1859
7246
8348
2469
7606
4043
1608
1044
538
1257
6615
8769
1100
8273
3845
382
3665
5145
5464
3708
6024
2980
3617
865
9329
740
1464
4047
8266
4642
7149
8666
1835
8814
8855
1899
497
9713
8592
9550
3707
9708
4966
5991
7521
402
563
3912
234
9175
4639
3220
1174
853
1765
3652
5736
8773
9100
5922
9993
7395
95
7952
5097
3471
7988
5997
218
6928
5812
7851
4769
8196
8599
6268
2610
4636
6562
9382
6031
8029
9687
2813
9421
4640
8320
2535
2528
1180
3420
4217
9312
4823
8110
760
9614
2373
1880
5426
3962
954
8545
4129
5007
4806
2942
3687
5093
1352
4622
3513
3237
9750
4453
6071
9106
3278
6735
8161
4508
6188
8408
5838
3137
7905
469
4256
1622
9454
572
4789
5911
3223
6615
7416
176
8497
6897
6425
7241
17
2717
1241
9469
7269
7343
1963
6003
3793
856
4520
432
1247
6982
1269
392
2647
3675
9830
9320
8033
3803
7153
2230
7622
8221
7914
5413
543
235
9024
8275
6852
3813
6865
5614
4364
5406
7355
4204
3803
6825
4962
3478
2181
4207
5638
2385
4129
2026
3916
9906
9674
1518
3407
6935
1271
1950
8432
996
1870
1388
1050
5082
1035
655
1516
1951
4037
7681
3816
3635
2593
1552
9788
4423
4834
7379
8667
8202
9148
7154
5685
1364
4607
1371
9168
6093
8535
3946
5154
6326
4384
8208
3735
1270
2814
8045
9199
9730
8842
8023
6822
6380
8942
3873
1083
2249
9962
2433
5637
9551
9443
2408
7568
4365
342
4972
5361
1119
3449
3133
1364
7430
7413
5650
7369
9855
8654
2235
1886
4179
1189
8667
1265
5367
6792
5354
4973
8315
812
3552
1546
5094
6077
8926
8925
2030
3804
3814
5190
5637
3388
8697
7254
2343
1780
3628
9317
3857
9235
3376
7209
5339
7440
7866
4554
485
7012
5946
1267
6271
4711
1671
5230
111
4408
339
1158
5974
3059
3418
8062
3811
1592
2444
2353
5292
2571
1180
1584
3426
7929
1280
2084
2658
2761
9882
4899
7358
2842
5642
3847
677
6731
9645
6809
6714
6331
3854
740
7843
7901
2562
5657
5268
537
5127
9346
628
9148
3925
6431
2018
2924
8035
4805
8949
9013
4269
5372
4687
4495
200
2146
9964
554
1921
6832
6357
3057
168
5969
9467
2207
1755
9621
4114
6602
26
1737
78
9820
3581
5619
2964
8906
563
8409
7573
8575
7256
7320
7814
5376
175
9251
8623
6104
4234
3462
9508
6652
6536
3263
1546
680
5036
8109
1421
3036
9601
6825
4820
3092
4281
1384
5562
4656
6121
7077
3064
3966
428
676
3841
8550
9503
7944
6108
6509
9876
6650
8833
5404
8034
8501
8511
4320
5176
4506
8133
1930
3801
336
929
7444
2083
3402
9153
2944
3634
9809
8190
6664
4519
5736
5297
718
5827
8885
2358
9050
1424
1213
890
1613
9334
434
2854
5691
3387
5848
1660
5417
973
9650
2235
9630
8702
4209
8580
606
6320
1109
4906
886
3698
1966
6769
9667
2666
2918
3969
8038
1501
5513
7000
946
8424
1283
2673
1511
9720
1892
9125
4634
7068
5562
212
8865
5627
476
9001
8039
8384
5497
2166
9298
4501
4236
2876
4001
3838
384
9224
7018
5891
24
2763
4148
261
5805
8374
8158
6930
9657
1910
3472
5657
927
2913
1288
6649
8257
6294
9139
3445
4384
7691
252
6868
3646
7951
1011
7233
9879
5763
5447
5605
9498
8604
7025
4441
9918
8824
6248
8308
4349
7191
7368
5731
6507
7064
8672
5671
2331
65
6101
6987
8849
8725
8878
9124
6637
1174
5927
2557
5853
6429
5876
7938
1511
9190
9171
1516
5173
1563
6298
1248
3517
203
5175
6092
221
9355
491
992
8511
5182
5723
8452
9565
6635
4019
9337
2456
2642
8266
8456
5137
4438
4676
3496
8341
3812
4811
7031
7501
7483
2414
8816
1415
6667
8682
2707
4835
8549
9248
3972
6382
989
6430
9198
9631
512
9394
7321
9207
7875
7959
9368
3466
4169
7356
9623
3021
9989
8079
6128
7628
1181
6656
6837
7272
402
9466
6276
9663
344
4970
7424
5421
9057
539
6465
4076
1573
8196
2204
3606
2592
8805
448
2178
6658
1236
4526
9351
84
2321
2494
3619
1742
110
7450
9202
7664
5415
7327
1410
5112
9064
645
9676
9635
1752
7189
5932
1149
3786
5397
5711
3873
3912
8926
6662
7555
507
9060
422
8498
7771
9692
3170
6029
8167
5536
8370
7150
4617
1352
7628
9052
4918
848
8676
3753
1106
8053
7315
1784
2902
6185
6931
2669
9191
819
7013
116
7506
1316
9457
6215
5387
7534
5957
257
3387
5438
6877
5326
3307
4691
3891
3125
7934
4208
5834
1051
9392
4152
9445
8549
9982
4385
3701
2677
7536
7032
5765
6395
7013
1245
7831
7254
5875
9252
3637
3831
1874
9374
3806
4406
9952
8371
2561
3866
6905
3461
5709
4862
9191
2765
4197
7047
211
8621
8174
9726
6462
967
9189
1254
474
8554
9169
8994
9177
4330
9557
8666
1285
7120
53
694
9573
1772
4178
6321
846
7960
3236
1425
4298
2988
7839
8717
8959
9461
8400
1332
7775
3682
7147
6026
9235
1306
7518
4327
6478
7656
7469
4043
833
7815
8200
3037
1714
1542
1128
8279
4082
8243
2370
3729
1484
2898
2762
2776
5925
9293
339
3450
4702
7881
9664
7207
532
6834
4801
5866
28
8963
5285
7068
4140
82
6951
2909
5267
628
6329
9687
2009
2150
5868
7377
3285
1056
2317
6291
1685
8901
3269
3236
3701
2274
8503
6679
3108
8431
8966
387
6789
7393
9820
4761
6517
4828
8493
4252
6294
4992
5683
7022
6606
3835
9854
6854
2296
309
6152
5181
8354
2357
2409
9007
404
4051
1343
7704
3668
7538
1597
6045
8840
7997
9801
6806
8360
3815
4023
1697
5090
5232
7631
4746
7706
9965
3358
5463
4310
3643
9665
9370
9380
4014
6839
8305
6031
5344
4008
7927
76
7381
5812
7699
6116
1527
7509
5153
738
1146
2581
6355
8960
771
7249
3602
7637
1539
5194
888
9472
3568
2649
7268
6118
7936
6205
1285
2707
9396
4367
7446
1243
9234
5347
2042
8709
2875
4178
1193
7352
480
3035
8235
1724
6670
7020
7958
1107
6820
606
3388
1241
7980
5808
8239
6086
4780
3301
4130
3939
8821
2138
6452
2136
6209
8278
5670
1016
4512
6952
5679
5884
9574
4328
1660
5695
1497
4004
6043
2849
4171
6887
109
305
7552
9040
8573
6544
389
4426
7684
5541
2965
5853
8731
2713
5676
515
4589
3050
88
7993
4211
4953
3620
8112
1224
2506
4411
5216
1571
4091
2891
7359
3266
4615
3818
4645
6696
6195
3816
154
7232
6410
2273
1527
4157
3869
9614
3224
1545
980
6378
7985
9493
1854
6932
2252
6117
1458
6869
103
9011
5195
4723
6513
3561
3363
4230
6411
4762
8311
3574
7212
9624
3570
9393
9446
5716
2694
485
8634
7591
9071
570
6515
2232
7803
1962
7874
3692
6591
2580
6010
4922
7476
893
7939
9398
430
7824
6735
997
8075
1785
2744
6124
2851
1050
3615
1162
282
9402
7356
5306
246
5427
5071
8943
5183
3621
6739
7269
1544
614
9686
7936
4532
4900
229
8306
1083
9827
913
3667
2787
7234
1700
6616
9198
1260
3018
1876
9922
2915
3450
4632
7328
4126
4428
3436
5562
5050
9587
3866
3023
4287
1526
4903
9058
9604
2606
842
2548
5102
7235
8954
669
3912
4670
6795
2641
6941
403
5851
9274
5662
7838
3654
4227
9193
1350
1672
871
2130
8615
4666
4369
3436
2228
2322
3035
4729
569
1024
1729
5637
8783
1949
4830
7542
6241
8088
3175
4407
6353
5636
2149
9763
5493
4740
9581
5469
1557
5471
9975
3241
1673
5241
980
4545
8888
2933
214
7007
3057
1988
2287
8909
5600
769
8046
3123
19
7568
1950
6952
4422
5570
6100
8042
7724
8235
5634
7365
7537
3476
1677
3379
7980
1704
7113
8611
6173
5956
5110
6803
6068
6670
6182
8394
5258
6588
3249
6420
7452
6919
2857
4438
6145
8274
7540
8305
5704
6129
4621
4705
4975
2914
2714
13
8842
1243
7019
5743
8217
5620
2673
5277
4295
6588
1478
5246
2417
8004
5305
6615
7254
2680
5498
2254
3917
1836
6119
5084
9216
8099
6669
2517
9758
1023
7549
4880
6604
5166
1272
164
1866
8812
9859
6497
1069
157
1863
5259
2901
2252
3549
8441
4315
2801
8832
6829
2845
6330
2109
443
3657
7076
7399
5018
4248
9890
3557
6139
5749
3067
2792
1803
5339
3996
6492
9534
1246
2564
1575
4573
3157
8536
2930
6874
6569
9058
3325
6478
6950
5346
610
7525
4673
3754
7873
9232
2535
7578
1598
4368
1607
2970
2140
418
4409
5814
9815
794
764
756
341
1633
6250
3186
9855
2980
7544
4731
1709
7656
9644
7944
675
4175
210
1397
5835
795
4359
4485
6542
2526
7900
6979
1179
977
15
3481
7027
1479
7967
9060
5718
8382
9685
6462
940
1873
1536
7053
2807
2437
5833
4678
4606
2707
5754
436
8228
966
3683
2629
1204
3214
5376
1274
9509
2446
3367
2119
4236
9125
940
5051
2209
8649
8203
5711
1433
3888
7715
4211
5307
6107
1386
7224
6295
3921
945
8793
3421
2012
5991
7898
2634
1978
9884
5859
1563
8286
5573
6723
5670
2124
3718
6732
9952
9991
3213
1897
8944
4013
5446
7046
6138
8773
4308
8180
4814
9260
9980
5312
1086
7610
1317
5714
4033
5346
5149
6472
3912
2343
2687
961
8051
2861
7193
3611
6835
7316
7710
2113
1429
5345
2899
3995
1499
3082
8160
7861
5355
4937
6445
8432
680
3871
9874
2654
3271
3829
6194
5264
2553
5729
604
588
9160
6481
1523
9619
5622
5821
2879
2251
8617
7242
4554
3198
4958
7509
3334
7585
5598
9203
8873
3300
1082
4577
4765
18
6154
4546
4085
3662
777
3086
2261
5197
1751
1784
983
1493
7782
5810
2827
9186
491
3012
2086
3748
6867
950
3293
850
8155
9431
559
2971
921
6390
9302
909
4335
1243
1843
7649
5496
9684
3028
6544
1535
38
9472
2051
296
821
9775
6596
2504
9119
7133
443
8867
209
1092
6770
7943
8944
2015
167
7087
6582
8148
7233
9183
3767
2805
1711
6168
8217
2965
3289
9317
5608
9705
6882
102
2106
4663
3873
6318
4481
8908
6129
4572
9760
9322
9308
1004
3925
9821
1749
3684
2010
3455
460
5289
9742
9713
2680
2918
3331
223
3758
828
5786
5096
8040
261
8102
8043
5523
2417
3520
8852
9272
8877
4358
2154
2067
9706
1566
181
4392
4730
1170
48
9770
1939
2884
6864
1514
3413
3163
7173
8525
1186
1874
4931
2212
543
3610
604
5136
575
9944
934
1225
10
8174
1252
3648
1979
4719
7895
3990
5148
6020
3462
390
9865
5687
6058
6174
8254
6410
774
8423
715
6404
2387
3279
5318
862
8589
6700
9699
7634
6281
6010
1988
6235
3732
5546
676
4254
1155
3318
5529
3013
5813
7002
3218
7988
1978
4487
739
7536
8565
926
7106
7412
2342
9190
8035
9547
4999
6751
154
8644
8632
3753
7636
7981
6870
5821
9820
4033
8258
5304
1375
9853
8231
9789
3029
2171
4286
3764
2830
1885
1500
7762
530
3340
5942
5626
45
4028
7480
6789
4448
9668
1075
9363
9837
4642
7291
4784
8237
1938
5514
1410
5890
3253
6411
8005
1257
6501
2474
1400
8946
6910
566
2841
9003
9859
6461
5911
8180
3886
9135
2540
1863
9026
5593
2998
8496
3561
605
2800
263
4621
3690
3497
1717
1463
4673
9577
470
608
1278
5929
5597
9552
9515
6655
9459
3847
1961
7158
239
1355
7392
8918
4424
337
939
474
927
374
211
4244
2529
9460
1005
2810
2168
8304
5445
6526
4300
7350
7054
243
3321
8835
1973
3753
1491
3035
3219
6315
3648
5877
4952
8890
1804
5388
6154
8070
9617
7378
2406
689
898
5456
6033
3902
1911
2141
9241
9938
5923
4907
8296
9773
8416
2
2087
8482
9147
9574
295
2822
3445
9570
8720
1842
4379
8628
3853
812
8195
3852
6648
7912
4560
9919
894
1287
3013
991
5877
7414
8552
5132
9032
7854
4865
6398
7609
340
3149
6585
7235
1701
5426
4115
2595
3613
350
4128
3902
6708
7082
8079
3662
7722
6355
8870
6361
9276
8563
5879
9208
7213
6041
420
8325
1993
3990
3317
3803
9110
95
5126
8613
9113
4659
2685
1104
8936
5934
1403
6892
1189
649
3457
1138
4256
8028
8612
569
6772
8470
3740
9684
4047
2798
9526
1107
2936
410
2515
8278
3830
8716
3730
4392
105
4210
5250
5745
499
3200
4740
5482
4097
6369
4617
9206
6620
2247
1343
7730
6118
172
9547
5217
9409
4396
4963
6264
7772
44
312
6019
6226
101
674
7976
3887
1597
1571
7786
5298
7642
6852
7424
8304
3235
5739
1778
9820
8664
3196
6711
2145
9794
8456
2464
7255
7105
5870
8818
3472
3564
1261
2164
983
7359
3059
6221
2966
3080
149
7024
9311
2251
1451
5632
4287
1572
4648
6477
6546
7317
3042
9044
1070
3420
5228
2502
8168
3077
6564
336
4896
4169
8364
7548
2224
6085
9325
1625
6503
2415
8188
140
2715
4086
9884
9000
9413
9320
849
952
4378
1419
7605
7027
7423
4400
7607
9776
8624
391
8587
4170
5604
2559
1464
9515
9153
9787
4580
4188
467
8757
3745
1832
8109
7428
5863
3085
2040
3130
3655
6934
362
7091
9626
2599
6082
1502
5322
9261
9094
6170
8305
453
247
4883
9592
5049
3233
8163
1537
2792
716
7052
6765
694
7071
2624
7656
150
5135
8233
1719
7400
9396
6865
7851
2069
4142
511
4819
319
3623
6174
3635
9219
9433
9648
578
2300
8443
4490
2637
5407
7008
9401
9713
3423
6146
1586
5522
5614
65
5971
5621
9272
904
1994
1488
1181
4254
6009
4431
9168
8178
2278
2261
3769
4438
9892
6552
6854
1869
900
9803
8296
9817
1913
3256
5549
6098
1788
5188
2582
1081
5439
4529
6210
6850
8878
5249
6395
3115
6283
3949
1628
6417
7810
9481
5029
8817
7702
8968
8502
1641
8642
4402
1348
2875
3835
7408
1762
1151
948
486
7150
6112
9647
8368
9925
9087
3273
1072
2826
594
8662
3374
2784
237
6673
3748
4122
4503
3777
8079
1216
554
1354
7651
3680
5429
477
1595
3430
2453
1451
3833
7540
5107
870
4526
1187
5455
2713
4721
8305
5101
2847
5897
5949
8531
5674
6352
2911
57
798
7043
7574
3512
9402
8885
4683
6821
5076
1905
4943
59
9866
8988
1062
2216
8223
5297
6337
1584
5126
4235
977
269
9783
7253
8962
1959
7089
2396
8730
1438
9080
8316
1215
8006
8306
2165
9133
4606
9041
2933
2594
698
7848
8846
2306
5107
9271
8380
5565
7788
9811
2640
6687
8116
2071
3791
652
360
8327
3209
5659
9170
8671
6934
8332
6243
8084
6132
8311
9968
9131
1487
143
9115
3323
7656
6787
3646
987
527
1729
9843
4826
5988
6010
6725
6071
2864
5771
8263
3898
4148
4921
4640
5567
593
605
3916
8980
157
6344
3131
5445
7933
9510
4729
2787
4657
4075
4551
3757
8244
4526
2599
3450
739
3589
1026
6522
3273
7789
5201
3708
4022
3378
1206
7997
2319
4613
9831
1527
2451
7084
4029
4495
9572
8568
8115
9652
34
9773
5477
1825
8588
20
565
2080
4155
6399
2477
6417
2893
6333
8546
9073
51
2221
5771
734
7292
820
6614
6111
6921
3816
6466
4709
1062
4124
2169
8140
3210
2378
5981
2797
2887
5769
8193
676
8783
2951
9863
6467
9660
4980
807
8833
7210
5257
6761
9106
5342
6884
1907
7948
5939
9812
8343
7801
6488
1624
7574
3104
7170
6648
9501
8896
9486
1401
6168
5269
5507
4454
1119
7604
7746
6086
3381
356
2698
8773
3900
5794
8633
6557
4922
9244
8544
3361
7972
9376
8668
9072
8177
5746
5711
3748
6968
1477
1515
4821
2966
1036
1032
3616
4121
4877
6998
5143
9729
2946
683
2821
449
4194
8372
3368
5603
6824
6453
5756
7783
4560
775
2082
6962
6667
1606
1811
4273
9154
5041
8566
4230
9863
2826
4391
855
3555
7988
8692
686
2503
9744
3011
7835
9631
2687
3744
5608
3391
5741
6446
7780
405
4267
9733
7571
3387
1274
5506
9925
8907
9808
2184
688
6725
2182
7800
8070
5603
6282
7822
8833
7809
6450
2526
3200
3236
5561
6275
6311
3292
3020
6913
3508
9593
4228
2107
7936
4864
5289
8910
5762
8337
4832
6632
6953
3436
4334
3711
8202
5390
6795
2908
8267
337
5142
2135
1940
1175
2956
9246
9347
7433
4533
6735
8875
2641
9319
3614
8232
7435
777
2746
539
9966
6706
3486
4466
2142
5048
394
8043
1361
781
6787
5926
3273
6626
3482
8630
5405
3655
2774
6707
1825
9244
9576
2491
2709
2291
2107
6272
9016
5476
2555
4491
8825
9683
8209
3324
4317
4705
3610
3681
8737
192
9470
8762
1361
2696
6869
58
300
8774
4518
13
5517
2698
2980
8386
8540
1597
5758
6780
9836
4144
6545
536
9355
7776
4181
2284
339
6395
8512
6671
3120
2442
3029
2172
5879
7154
4242
7084
6057
7736
8579
9379
1979
6004
1699
7266
5949
7632
9953
5923
1903
8306
6881
4264
5211
5287
8769
2515
6187
6614
8447
5280
1611
3241
4942
3659
5997
7091
9497
2284
9412
9497
7035
5471
6402
7374
8169
50
6363
8437
8544
7040
8036
9770
4510
778
9763
3529
5064
418
5088
6211
9403
5363
5706
4448
4619
7924
5191
3413
4990
7037
4204
7166
4502
2300
5005
4218
1225
6480
841
3581
4216
9927
3510
5420
5282
3020
6688
9262
7189
9962
210
8294
7284
1859
6573
417
4771
4426
9216
7716
8313
9822
7476
2186
8873
448
9652
3304
6504
9436
2261
4731
5333
7617
8746
6823
8082
5179
7597
8060
9146
1573
6961
3955
5931
1186
5804
3847
8030
7328
8732
3730
6257
1196
3693
3908
20
9897
9222
3001
4010
1731
8391
1288
9824
1803
7676
3191
7210
6253
5725
9035
6420
8780
5697
3035
2738
6032
9745
4175
6512
6801
2274
2196
8812
4550
5398
5426
607
74
5685
8626
8843
3134
4909
9872
8759
5371
6398
8100
6865
3666
9683
582
5487
1362
3902
4025
1268
786
6599
5543
7603
7169
1865
1171
876
6578
1831
6717
6849
9157
83
7798
9260
6620
9495
9510
7589
6083
5454
6095
1031
1962
4834
3708
1679
4724
3428
6408
5861
6709
704
1823
7727
8210
22
1645
9971
4967
7578
278
6020
8855
5499
4163
3279
6707
6224
6074
2627
9614
9290
426
1151
5434
625
2284
154
425
8295
6677
1149
9199
2421
9424
8475
8667
3939
6262
6802
4391
8928
524
4750
8065
1198
4805
4248
2226
5109
1094
5502
7812
8273
7125
789
3044
8239
5242
7314
6971
7629
3328
961
4
3143
4764
445
3215
8016
2498
2991
4647
5500
6372
3761
9841
5052
6640
5964
405
7208
6294
8630
2720
7414
7843
6082
7956
4704
3011
1046
8418
9223
5538
7621
9645
1100
3004
2243
6470
9472
4875
9177
7620
6439
7645
9067
5042
2240
5115
3613
3035
9413
751
919
3786
6072
5924
6224
8772
8689
6667
2689
4903
9988
2720
5278
8234
1363
5847
2802
1431
395
6088
8863
6570
6148
2996
9453
1981
5668
8480
3574
5950
9237
6765
2565
9492
592
2914
2949
248
8646
9018
3991
6802
5709
8169
1840
3091
5268
5965
1724
9564
9799
1813
6942
5211
8995
3400
7003
2281
4226
3432
4148
345
735
8899
2702
6701
7596
7902
3066
9286
2270
8387
1963
5807
6251
1852
2650
7369
9761
8243
349
5770
599
5468
1633
1854
5998
7136
2134
8154
5702
5154
8594
9810
4553
6335
335
5093
490
7462
9732
5398
3070
1514
3141
9481
3361
7090
3456
5900
6843
7057
1860
5654
2679
8743
7707
1247
6771
5308
6032
3849
9700
8520
9516
5692
7810
4056
5790
9659
840
2215
2772
7779
3324
9807
2887
4247
2037
3222
3876
9128
1910
2570
9135
228
5355
842
4857
9718
7491
6193
6988
7335
5354
9517
8403
8500
2751
9724
6422
1669
5864
7629
1887
924
6514
8222
107
1385
2226
2592
935
4902
7761
5427
7405
2104
7580
8254
2847
6191
7270
2963
8071
9605
7260
588
3659
7830
9672
7605
2492
9137
1663
9731
8126
505
9586
8378
5632
4029
782
2135
3309
1489
4992
4848
6930
7250
5942
6292
6585
3608
542
4939
6053
58
4821
8692
1001
1004
9692
6118
2392
2374
2246
3902
3067
7144
6044
33
2285
1724
1894
5922
9778
3980
7892
9344
9678
3447
2091
449
2368
470
5928
8072
5591
2539
2728
3428
6644
2406
9678
5401
844
2866
6126
3697
3021
4053
6189
5182
9439
553
9453
5883
9871
2731
4181
2110
2086
903
9768
6082
2868
4628
8519
7934
704
7254
2256
1853
3789
9604
871
1687
8705
9649
7021
5492
3712
4207
9321
2118
3036
7699
7742
9404
9193
3103
889
8981
7306
1013
2455
2798
1089
3576
9327
3398
7476
8499
2359
6320
2251
7387
3727
7707
2442
918
2042
8160
1202
2821
4056
2036
6065
3388
9993
4577
9572
8928
3003
5480
6681
3716
8793
7211
3493
1349
2576
3720
4209
138
7787
9398
2867
9337
7173
4905
2976
7495
168
9541
7222
1407
1259
1470
3486
538
2671
1813
2680
4141
4852
3619
2443
7928
6406
449
8367
3677
1772
3200
1183
6281
4438
2826
565
4131
9526
9324
6597
5472
2199
2882
1834
2590
6023
6205
5692
6546
8784
1961
9134
7518
6203
993
7033
7784
5575
252
4201
2576
4510
2353
9593
5587
4341
1880
5168
7401
6374
9807
9308
4630
6286
5116
6265
4941
2216
6226
2787
5598
2538
7821
5588
3723
5465
1523
9632
5759
1280
8402
5064
6864
5246
9967
6306
5902
7381
898
9267
8877
2977
903
3209
1149
7100
9135
6831
9850
6029
3868
3409
1704
9948
2997
7884
4736
1242
8941
700
3412
8864
6599
4518
1055
7771
5350
4649
1954
3735
2115
689
4189
145
4032
9976
3767
1074
9646
4473
9786
3881
7811
8169
7465
1569
5266
8712
4807
5846
8851
82
6399
4431
4931
2827
6367
3127
4343
627
7915
6794
7943
8119
9797
5975
1942
2762
5981
1699
4058
9820
548
1490
5771
3711
2838
5564
5723
7777
8542
3678
7045
2429
9876
3779
9390
6418
1065
1811
1634
2704
3618
5051
1879
2402
5386
8557
9662
2593
7025
6749
8072
9013
1492
7025
1379
4282
107
835
4247
1520
9526
8650
8602
5572
7307
8669
4931
6901
8996
5617
4307
6
3097
2253
1785
1387
7552
1223
1901
7558
4886
3967
4027
9525
7707
1287
2616
712
2117
2382
2803
3575
648
4552
6830
45
1722
5918
1284
9828
1700
7095
9458
9190
9827
6490
816
5104
9433
8408
9128
7638
9512
5446
457
6710
9676
2884
5597
7318
7067
8389
4263
2064
2934
4789
5772
4871
9846
3304
3669
5443
1990
8636
1379
3941
2272
4985
4590
9112
7691
6240
6363
4256
840
2919
3651
5725
9207
5566
5503
336
4703
2368
8425
6458
495
5045
7962
2558
9118
6121
7798
553
8035
6300
1898
8625
2626
9457
4733
1992
3167
7526
7850
8034
8972
6250
6577
3569
1295
3572
1775
2263
3547
6322
3911
659
3838
9189
9644
6864
81
4050
759
9491
4637
3369
988
219
6411
567
7226
7807
8289
76
2405
6434
4086
5084
1939
2109
8896
9118
5277
9884
1270
27
8568
5727
6032
2119
1326
5559
2716
2680
9956
751
4367
865
9333
4587
7213
8549
9270
7253
662
594
7805
6791
7500
5646
8304
5098
2834
5100
9520
4481
6209
8315
8173
76
450
870
8011
3935
8588
9292
693
524
6919
8756
3268
1230
6906
2137
4238
3023
9122
124
9720
5287
7808
5751
8245
4264
9635
881
7584
5758
5672
8780
1373
2860
8606
2282
1709
8995
7307
6192
9492
9162
147
4427
836
7394
901
4799
2991
6757
3101
1595
2832
915
2768
3692
1138
4869
6332
1278
1984
6920
7146
7872
6233
7835
4357
1835
4628
5656
5522
8456
8557
7720
9246
7279
9704
8928
1741
7341
970
2700
2873
4693
6420
783
8248
5866
5227
3427
6440
9200
7214
8568
4561
2885
4956
1074
8725
4613
7355
2228
9637
7238
7249
4959
9240
7976
1371
822
6666
2011
9665
2145
9372
9665
6172
6183
6096
8533
5105
3767
8231
6206
5112
3559
7803
6132
7992
9549
4000
8674
9295
6011
9293
5385
6825
5300
5225
1756
2920
6020
4096
9239
495
6922
2841
7596
4757
8845
2953
5965
7895
3924
4905
6329
2434
2430
3002
1857
4329
888
9859
1750
5030
6591
8727
9978
4559
7497
4215
5875
4476
2285
8116
2454
4015
4660
9621
1046
8372
6374
9392
6010
9748
3119
7844
1756
1674
5434
4424
1727
6111
1360
6201
9112
138
4918
5412
6034
5031
8610
4651
3466
1295
9062
1297
8603
5858
1605
3713
7808
4602
7882
8640
1646
3183
375
4303
442
6995
2314
1941
920
6728
1002
9561
7011
7008
2717
3435
8698
3022
2910
5212
6229
5903
5196
5381
3309
6840
8002
1501
2890
1937
916
8766
3629
2321
431
4591
5005
8069
9562
8604
7710
8396
296
9520
2758
3692
4058
5688
7862
5714
8329
931
2367
3495
9772
7566
7821
7416
2444
5312
5210
4481
2568
5904
4816
9732
8167
6679
7433
3672
7303
6428
7856
8541
9511
3037
2991
5358
5809
79
6473
4081
6081
1004
619
6194
7804
91
2451
363
4853
6655
3584
5010
5094
1977
5185
7561
4616
8084
2064
1422
7766
2619
7114
4489
6871
8305
3179
5206
3320
8018
9440
4466
2465
4519
9150
5210
9736
1413
7843
2168
1427
7219
4288
7976
7699
7539
2938
8438
6902
9250
8934
7247
3741
97
9194
1646
5110
5855
9509
2966
5151
7541
2712
5898
464
9744
8357
6824
7898
3652
3025
339
1680
4939
7981
4339
1549
9816
4937
5834
9773
3020
1941
5846
7805
847
9647
7929
6188
9873
418
1100
2305
1655
3171
9170
1584
3563
2851
4473
9413
6236
6722
5732
3455
584
7228
5475
9612
4157
8414
4277
228
7141
8777
6143
7944
3948
3039
1664
5701
6801
3125
7992
3038
5477
8015
19
5745
2837
4157
9124
4297
8862
9860
5094
3135
9266
3431
8435
131
4854
3350
7707
9208
7262
3601
5442
2763
5173
4407
1603
7536
3503
7962
8675
1799
2597
2996
3128
8476
5710
545
3054
4549
2443
1466
2941
3302
9527
3501
6739
4677
3863
2989
2027
4036
517
5849
8862
302
2722
542
882
9398
5128
6443
1358
1605
7130
2577
1230
22
2936
5392
5491
2614
8936
6633
8688
1820
5788
6044
8992
1542
6057
4541
8212
248
9273
1520
25
7193
3131
3500
1981
7256
4479
5491
4521
4884
2350
3191
1210
3547
872
7070
4504
4953
8575
1097
1972
6893
528
9713
5144
8790
3081
7219
53
3517
2394
8159
5579
9638
7340
9590
8755
7053
841
8495
9724
4077
2769
5760
5124
2694
3445
6134
9659
9185
824
7413
3444
4911
1728
2362
1687
5748
9792
33
6445
1589
135
7993
7684
5208
3402
7206
5254
3058
4671
9722
2088
1630
8671
6373
7579
5767
75
6933
2930
9152
6503
6076
7817
1324
4060
941
9505
6188
7030
8706
2935
8496
5526
6996
6190
7721
2931
8488
6698
3113
7997
7119
1589
5525
8982
8480
9866
1660
3323
2550
3435
9851
5577
8726
3781
3284
7105
5492
3755
7134
8256
7422
442
6849
9352
5004
4856
9391
870
3101
2169
4115
6527
28
1238
7133
7976
3931
9723
8971
1290
7169
2990
4006
5077
2222
6169
5177
4488
3756
6094
2356
369
2663
5262
7359
3332
2860
813
5533
1639
8455
506
4570
7158
974
1094
1468
1725
889
7236
6109
2612
4700
3738
7010
2211
5154
6424
7254
791
3718
3774
6563
8345
3055
2748
2885
6192
5569
8511
3831
7335
9996
2398
3872
4256
4730
2731
9282
9254
1458
6197
9828
3344
2830
3615
6661
8494
3830
6286
5055
7955
2323
2230
6472
4130
1077
8718
2942
4757
1184
3789
1752
8088
4631
799
37
2416
1032
1366
7180
3277
1905
7555
8090
9681
1707
1391
9137
5146
249
9730
7943
1089
2371
3880
9843
9568
8968
2990
4920
7632
4583
5467
8854
4528
794
4915
9699
5000
5363
7954
4794
3745
8013
7882
6454
4199
7173
3878
3429
654
6340
3479
1896
3773
1610
3116
7798
4884
8740
5444
2479
4472
1709
8920
1380
5973
7489
2532
3931
4763
7630
5252
5002
4874
20
9900
5423
9328
1239
8065
6045
8509
5129
5066
1996
8898
8202
8291
3791
7122
47
5419
3131
3791
8357
3767
1470
9255
4684
9238
4041
9094
813
4058
813
3602
2793
6403
3017
9671
5029
8396
6584
4705
694
2100
2815
4575
1405
2616
6297
1501
1770
7795
7686
3337
4182
1371
5633
4072
7998
9089
7830
2041
6823
6275
2533
2677
9640
2216
2327
2390
8740
4246
323
8420
3002
2140
1446
2491
3796
7907
670
981
43
9893
3865
2003
4715
4626
7535
2214
2207
9722
1054
8997
3056
4873
8914
7634
869
9717
4444
5713
2038
9695
747
5402
2114
654
9555
2428
7455
4676
7101
2128
498
7732
8500
1729
1834
6525
6896
8441
4714
4904
2067
4034
5451
217
9207
955
52
285
6029
6842
7094
5051
91
3907
9293
7189
6743
8256
8374
9789
9269
9125
885
2601
8927
1465
2593
1876
2305
6529
5373
9794
7077
9650
272
4228
9564
4723
2362
940
3376
4031
4094
3029
3575
1241
9130
343
1954
9809
229
1799
715
9218
9299
3376
3024
4919
8127
4095
7072
2069
6281
4555
8188
7172
9252
4117
7754
2416
622
5829
4631
8319
3990
9655
503
9434
2404
8682
3622
9616
5905
1423
7176
1734
3573
4595
4735
1656
9154
6369
2339
5995
520
4574
5117
5221
829
5230
7607
4229
6140
7555
2101
8800
6577
7666
5009
3714
3725
9544
1153
2788
6996
8669
9045
3009
734
8342
9136
9361
4497
4746
860
9850
8082
6440
5671
297
4865
7883
56
6668
408
6575
4855
6973
8239
8550
8592
8305
558
6439
8047
1335
5927
3755
9776
9502
8291
5483
2682
1201
105
7002
71
8758
4740
8617
7817
3001
6386
6658
1980
8928
1071
7558
3908
7545
9127
1213
8977
5322
1536
6896
4886
2949
9953
2264
5239
7742
967
8798
2312
7638
7852
3174
2101
4028
8201
3689
4714
4319
6730
795
1494
4154
8297
1282
2090
1333
6527
8204
4646
9922
4173
3360
4835
1760
8746
9359
2862
299
1497
8365
8798
4222
1044
7854
2753
6454
7344
2005
97
4443
7653
1574
3390
2017
469
731
874
8318
9897
2036
8993
4374
2454
890
4049
8180
2861
4726
3540
9843
5706
8686
9547
8067
1391
5876
792
2038
3506
1089
368
2162
3719
6358
5751
6269
5180
6082
8713
6014
7895
72
2663
9495
1644
8745
3016
3356
9611
2209
8050
651
714
5460
1494
5799
571
1548
1356
5641
5852
3951
869
7345
5720
9973
9903
5063
9350
6067
6570
4476
8101
935
7557
6672
7732
9394
7325
4967
3669
1163
7513
5118
5596
1090
6511
455
9730
6042
2921
350
9015
5555
5629
516
6582
1299
4294
7655
4037
1767
2417
6124
8331
1569
5740
379
6153
8642
6816
1367
4605
7424
4722
201
3201
298
7714
9850
6637
8930
6297
6555
9320
2541
4864
4981
166
8567
9159
7547
7262
5628
4962
6743
6642
7063
6006
1462
2774
7017
4041
6807
7277
8273
981
4166
5864
3304
5934
191
8158
9377
5457
2650
6135
7455
7829
128
1469
984
6791
1163
5784
621
2901
8014
2173
1020
3032
9281
495
2548
2944
8125
588
1419
3369
2119
912
7626
5195
9421
4482
1790
3149
4497
5585
7127
2002
5540
5059
3585
8601
9524
7405
9199
6727
4300
8893
4310
236
130
2942
1343
5938
4290
7026
5856
5758
2736
1877
815
3907
9916
2842
5131
5767
8715
731
992
8254
4773
4978
3514
9621
5606
8222
8162
8784
9133
4748
7073
3901
7784
6494
8754
2529
650
6460
5340
8068
6666
5953
4610
6806
9485
688
4354
3421
8276
8933
6721
2154
6585
2177
6453
409
4318
640
7214
5230
3649
4754
4345
9814
4226
2935
4929
4125
6850
8528
4307
2224
7658
8916
1682
5773
7356
7635
6482
6024
6386
2851
2097
6696
369
768
4266
4773
2438
6734
3967
2246
2549
3037
7742
2422
9012
737
9444
1644
8834
7248
7357
3272
1235
4108
4871
286
1970
4268
7438
4352
4967
5334
1754
9117
8945
5579
2657
4471
1685
9252
1628
515
4168
7388
7091
976
8852
592
690
5899
3394
8755
4574
6355
6660
7614
9661
1135
4559
3091
4449
3400
9307
4236
8454
3409
7786
1120
4116
8060
5501
5654
4910
4672
8773
5719
5969
5508
6500
8664
6416
4578
7889
8240
116
5246
7954
3789
5629
8805
8881
6860
7910
1090
8409
8300
415
2830
1044
3744
8951
8630
3446
1686
7954
1791
6974
5292
7406
8090
8503
3585
8390
1609
7463
172
4051
4230
262
1351
2173
8561
917
980
3739
2648
6886
6867
5366
6667
8157
6749
8363
9008
6185
9226
4361
6031
6137
2651
5195
5104
7831
6951
7889
8612
4955
1377
201
8573
6549
1689
3940
857
3990
9987
9366
6700
189
5685
6956
2848
3727
7967
1516
6527
8807
2289
3152
6841
1637
4502
7596
998
2547
3412
7115
3040
8891
9528
7194
3811
4958
6448
5206
7701
9840
2954
8025
5221
9129
1718
4138
6799
4842
9587
6666
899
3924
9769
7124
8924
5689
5510
3401
1091
2633
8092
433
7388
7700
1014
1886
3070
5947
8529
8796
6267
4920
6446
6639
6540
4334
9937
4446
6071
705
1679
2690
5660
4110
3476
2685
8078
6787
3649
1343
3814
5001
7327
1639
2922
256
9434
422
3419
4182
7969
5518
1094
1119
175
7517
4735
2870
1766
9275
7112
1536
2209
888
4990
1488
9121
405
4164
35
8829
1656
404
8252
262
3659
5922
9866
8667
1693
2200
7851
6018
3073
5617
6773
1811
7979
5633
548
3354
8994
8287
5355
6397
6353
8367
9323
8565
1421
7775
8495
8333
5374
4265
4079
166
900
8336
8612
1112
4709
4900
4329
9136
6839
304
5408
6404
1444
4912
6808
8645
60
8283
5029
8352
5341
4570
2539
5292
7755
9971
1263
8527
6442
5008
9470
81
5535
160
7948
8573
9538
7567
4999
1847
5704
9371
4357
8127
7169
1803
7889
6741
5150
6074
934
5877
1981
6489
869
9992
4834
3931
8837
5937
7564
8137
3757
7516
7205
4025
4793
8252
3117
3868
6419
8273
2540
8858
5278
858
8477
692
8034
5183
8870
2408
7156
9255
9336
8736
7522
4427
9398
9463
9809
1613
9324
9749
9636
5441
4837
8026
7082
4477
5135
5065
5852
1057
5654
1691
875
4498
581
5503
6359
1474
2081
9035
9946
5397
9300
4626
6295
4696
1381
3158
1853
7134
1897
1523
5966
9458
5484
6918
5976
7237
7427
1388
4784
6108
6213
8130
4456
7902
6205
2637
6019
5697
8838
8951
9064
9728
2903
1013
2958
4938
2416
1959
1508
2836
5815
6862
4275
6722
5478
9456
1637
2352
1953
1215
2615
5773
4607
3657
3125
5428
6930
3995
9706
405
4990
5569
5529
4807
7848
7622
3253
8906
7768
232
1495
2454
3193
1580
414
7209
5911
329
9887
3364
5877
9581
2320
8490
9912
9203
4818
5729
1038
4544
1580
1387
4260
1785
3340
6693
2710
4398
8154
8119
317
4480
7308
471
1859
6777
1330
6540
2493
5911
7815
4506
7686
3245
6027
4637
6121
74
5070
1646
7239
7003
939
8392
8212
2762
4148
8980
4357
6293
7696
4223
8521
5646
5690
3908
2999
5567
1600
981
6657
5044
226
5356
491
506
4837
2835
2842
9245
2974
9913
5638
5170
638
4377
7737
7274
7083
4517
5488
6050
4907
8716
3555
139
7078
5176
3284
849
8370
5502
1462
5659
7328
2427
5205
7899
6881
8025
8316
495
3373
8243
3452
5801
5507
6885
9065
1781
2127
6176
4367
6337
431
9741
5772
3963
6584
2796
4892
839
2178
6884
2244
7645
6118
1770
2455
202
981
6455
9638
3548
540
1197
6999
9727
5627
1661
6979
2684
9534
413
86
8534
9532
6100
9751
7912
1584
3100
1872
6600
4783
6389
8250
9623
8344
5397
2764
3305
8066
7383
9005
1209
386
2864
7748
846
4474
3173
5445
6739
847
7911
3214
4658
1646
1741
3194
5271
2132
3717
3020
1238
5155
2372
5282
2980
7466
2328
3251
2487
6690
5298
7748
477
2445
9132
7473
372
2266
6837
7550
7979
650
5412
9056
9118
7069
7638
3758
6262
6628
6938
8812
600
3205
4222
9489
7217
5285
4608
9371
5162
5830
8605
8964
3865
3015
3264
9922
1400
1629
9050
1586
6760
4009
4843
6189
9392
7993
6050
3229
2711
864
7503
5526
5583
7286
7710
3873
5392
2607
7848
6051
4516
4573
4797
5919
5689
646
1234
1425
9727
1215
4748
3629
8028
801
7582
9341
351
6384
1560
5452
697
2104
1989
2848
8453
5195
3407
5811
9679
9616
4077
1771
5873
5604
4853
3275
1626
8564
5268
5826
7299
64
7754
2114
8662
3508
7026
5774
536
7681
246
558
9171
7588
7710
958
8195
9559
1228
7896
5130
8397
5690
4212
868
6274
5558
3651
387
8463
7421
3215
6590
5185
4312
5559
9492
8309
2816
738
5235
5163
2163
3106
3713
8823
7617
1106
4241
7644
212
2072
4713
572
5201
92
9922
8437
3533
3353
4315
1360
6906
5148
9984
3498
853
8489
424
7502
5726
7468
4888
1719
7626
2879
8764
4879
9217
8205
3743
2781
2697
2498
1033
669
9884
5339
54
5423
9098
8569
2099
9924
5306
7283
3402
6142
9936
9297
243
4668
3511
5355
7803
7199
4269
2540
393
6143
3040
7147
502
2059
2232
9880
5135
1966
5976
7896
1061
5630
5283
4987
3463
1394
8875
4076
6706
5189
6361
8649
7383
4281
9575
6887
4795
2607
8628
3641
7625
6863
7195
8165
4037
4698
4991
1192
4784
202
7891
8422
9226
9124
2315
3100
9327
7505
4653
712
2635
4209
2675
6211
805
2459
3372
7238
4172
325
284
9326
2249
7951
2487
3413
7587
5625
9220
7084
7806
2598
7550
5082
9374
2733
3767
1471
391
9474
8388
7643
6846
7574
2735
5605
4608
6873
9381
4083
9120
1799
5228
748
534
9978
6418
9224
8045
1624
5734
7123
8362
2297
1258
1061
5392
8818
853
8205
1667
8773
9474
8180
7536
3934
6514
4763
7136
3429
8615
9451
3016
2601
2043
5919
7562
8595
1380
9051
1644
716
9025
6509
283
547
4245
7927
9998
9317
3033
380
6677
4427
6667
1942
9144
8344
993
5670
3863
6724
5428
8372
9570
5399
4126
840
8859
4066
7236
1618
2910
4210
1990
4781
2557
3801
7356
6120
4269
9852
4181
8349
10001
4541
6264
292
6083
4035
876
7510
3771
9267
5466
1191
3009
5836
8918
8423
3492
3952
1670
8405
9942
7538
3484
9317
5046
2014
8636
2031
5805
7170
8436
6555
4226
5982
9769
793
6027
7588
2387
2225
6717
1818
4669
1422
6988
3263
8958
9399
60
453
8901
148
1697
9419
8088
1212
5267
5338
1012
4930
6463
5059
4145
6810
3157
934
7380
4631
3778
1958
9545
9168
4267
9902
1378
4257
5614
3347
5837
540
786
506
5601
536
1226
6730
7360
5104
5320
9234
9240
3640
3062
5068
1096
7390
6104
2784
6116
2326
4975
6671
6087
1562
3318
1661
2239
3777
6593
8174
8119
9925
4148
615
9731
2699
9603
4341
7889
8496
5521
3412
1652
9063
9947
1984
9899
7142
2073
4186
3870
7357
1082
2174
4654
4947
468
14
2488
8129
9736
9640
4132
4709
5123
2083
2221
7245
4164
1969
194
8685
903
9941
249
2019
6342
253
232
4300
342
6256
826
1412
6047
3410
1837
5783
2502
9998
3133
6149
4256
8460
8805
2538
7512
9608
6854
5610
6449
9188
969
8302
4604
5712
5972
9973
2725
5933
5177
8434
3903
6080
9823
9774
5512
851
5620
6474
2589
6865
4269
9956
7053
7427
981
7945
4383
787
8144
4933
9163
1824
5221
5575
1271
6131
6724
6348
2579
4875
281
3823
6596
8275
359
6752
5521
1921
3888
7071
1395
1544
1696
4991
987
117
1221
7102
2214
7794
1509
5600
8101
4575
2207
6604
7720
6178
5960
732
9356
4068
8057
1305
7774
7626
6933
7490
3323
4953
6639
3336
3587
2641
2303
5402
5395
1107
4397
5308
4025
906
2239
3486
4338
4450
4714
354
9384
778
8156
9968
4760
4638
169
6646
1768
4945
3560
2986
2040
4443
8826
4379
6100
839
7803
1756
5915
1518
5154
5996
4100
9119
4858
2442
7444
6320
5267
4078
376
5396
8470
6715
7641
4358
78
6610
8158
4146
4350
1279
2505
1303
325
9779
6122
3723
112
6852
1808
2559
9714
7824
8478
8777
9296
2570
7606
2416
2652
2403
1457
7394
6289
8224
9000
484
1643
3358
3459
6138
9903
7096
8756
6394
4238
4444
9935
8571
8219
9973
2795
2426
8432
2916
6405
9993
2882
6583
9828
9305
7345
8966
5483
6874
717
9303
5307
2341
8368
1477
3883
7073
1821
5093
3078
9355
3335
1476
5745
4353
9557
8343
6974
3825
8536
8401
5494
8045
4142
8314
3963
6369
3259
2200
570
4686
3067
5401
9574
1423
832
6162
7872
3727
5634
998
2124
674
5592
5012
6678
1321
5741
2436
8780
6539
843
4937
7841
2801
98
5114
8643
8134
8473
8696
8106
304
2543
4518
2418
8271
8014
7907
7677
7616
985
3138
4887
4544
883
8106
8193
1621
5745
3838
2152
4595
1390
6541
3171
2207
2309
8556
8394
7929
4597
9409
3737
6754
2904
4398
291
3984
7302
5485
9565
2601
5175
3192
5251
7983
9716
4734
6010
6930
5538
2217
6580
6110
1888
1670
9665
1581
1003
4404
4486
5366
8344
7357
6373
6747
7663
7754
6988
3010
9122
7912
9545
9856
2310
8628
4287
8000
3600
5582
1650
1400
3806
9902
5800
8855
4809
2684
4623
5272
6202
8650
2145
3968
6756
5446
1252
1157
1373
3776
5495
9366
3245
5280
8477
2921
337
7163
7881
7662
8794
7295
4378
3916
2612
6266
4806
2135
6697
8312
1132
5405
3289
7471
479
503
2779
4553
5939
8639
7192
7380
4800
9673
4216
1402
8486
3695
7987
4025
348
6044
2113
25
3360
2193
608
6337
8308
3791
3312
6206
6941
6062
2093
5181
6407
1323
3315
3033
2299
1193
3579
4148
8765
4325
845
714
2321
8055
4010
4095
5925
3738
1070
2588
6376
6617
1719
2537
3223
4947
841
5383
9770
3001
3128
7299
2217
2596
4375
3157
624
2091
3338
6201
6870
6642
5915
2048
9880
374
7380
1432
2307
5518
7654
3997
6200
1322
4171
6358
5157
3095
2577
221
4936
4334
9848
6747
9479
8161
7159
2136
7805
3612
3639
412
2751
985
4915
5325
1866
7246
9349
4524
646
2131
1643
3407
2930
3843
9731
8973
9331
6717
894
3858
6998
8628
6776
1645
1169
1903
8934
9607
8829
5374
8954
8568
9185
7963
3895
9858
8376
9434
7116
2353
7099
2086
9759
6827
8999
7324
1606
8851
780
6994
894
8357
8478
6160
2921
6536
6385
2218
1243
509
4872
8374
6864
2915
5094
3110
8335
2999
4223
5588
9580
9587
6002
159
4195
9045
1994
800
4346
2644
7170
6171
9578
2687
2517
1035
6150
3442
2121
9301
7735
8430
9545
4316
2044
6849
4767
7508
5705
2552
7160
9527
8092
4949
2888
1312
9812
547
1358
6594
69
7922
8747
996
4957
1284
3905
2341
3956
1706
4586
8784
5871
5818
478
7687
4308
9575
4387
6972
6293
7645
5706
521
7664
9588
5590
5544
2496
7755
3822
2851
6303
1464
5210
8020
7921
9560
2441
1794
8550
8895
1756
1275
1619
6168
166
2776
3926
1543
4165
8219
7917
5131
7320
6677
1802
496
5577
4831
3093
1050
2772
7323
9162
869
1597
287
6267
948
7987
5633
5933
1265
604
4799
1993
5658
5326
1266
9011
2687
3740
4725
8448
3230
8912
3558
6272
8182
1482
7472
507
5058
4333
3477
8022
8661
7477
7067
2975
7389
6430
3582
9138
6220
2361
9893
4924
5014
2097
1282
9416
7623
3840
9091
6948
19
9629
4427
8741
7058
9746
8406
6282
3025
9953
2166
7611
3606
6378
2026
1011
6017
1393
5024
8974
6322
9541
7187
9785
2803
3995
6094
9207
8878
4126
6230
6949
7371
2548
5798
5056
8076
4893
955
2395
5672
4280
8293
7416
7982
2159
1845
6081
7115
4657
6053
9032
7099
2774
2539
1948
2142
9546
5282
6084
857
9392
7084
5342
9265
4127
1745
4929
3363
4495
9084
2843
6811
9631
9818
9827
5263
3613
2848
576
9849
3350
9287
5516
5455
9220
1460
6685
5799
1081
776
7318
1401
2383
9811
9233
2531
8584
7930
9918
1637
6131
7614
3115
772
6623
5102
9641
9141
5186
3897
9444
9323
1055
9365
402
6317
6268
6196
7699
7633
5129
9616
6049
6017
5394
3830
1517
6688
2714
4504
4993
7964
6824
6213
3330
3438
1659
8018
3350
9923
5031
900
3529
8828
8786
2622
4471
2838
159
7947
9994
3667
1647
8819
7065
6889
8905
6352
5279
4837
9935
5145
7649
2964
351
3332
2256
1389
7863
2967
7795
2420
6432
8364
2084
7633
3348
1612
5022
3723
229
4639
2820
231
5350
8141
9060
7141
27
7549
7715
5773
8113
5499
7674
3703
8793
234
4143
3072
1779
20
2086
6791
4025
2865
4471
3835
2192
2570
4409
891
4314
7402
8624
4688
6318
2147
3381
4224
5860
9951
6032
1296
1341
8007
5752
5123
4293
8458
1156
3018
8993
4418
844
1211
5639
8898
1182
8239
5361
8086
4247
5626
1714
6203
5236
8203
8704
5476
5368
9835
4937
1713
8341
3253
1872
7032
2714
5527
8495
1818
8413
4811
8996
3949
6246
7479
2127
432
2430
3397
1849
573
8517
3061
6835
9109
6679
8387
1244
8510
5124
4095
8766
1187
8400
4187
4192
5513
8522
9805
321
9488
3859
2231
5186
3593
1978
914
8786
7987
930
3214
2251
1526
569
8049
549
6493
8825
141
6611
5370
7670
2008
9540
9918
5914
6128
6311
3940
6459
7841
4190
384
7191
3618
3770
2444
2498
4721
8979
3292
6982
5578
2492
161
9925
4302
1209
3115
7613
8988
6479
1907
2207
9849
9795
5203
1376
8302
3619
1494
6858
6699
728
611
2301
4979
1187
9601
792
2
1550
786
3346
9188
5790
7021
8312
5688
7133
2441
2561
951
2085
4309
8027
5519
7625
2629
4437
4645
3866
8994
7146
1498
6176
5634
9867
1745
9990
687
3651
7915
6132
1013
2336
7147
7486
1979
8602
5008
6028
897
888
6537
7470
1229
1747
5587
8851
6218
1009
6003
3652
222
3883
8740
2081
2092
9619
5538
3956
4614
9399
2146
8130
6957
7878
4911
4596
647
8051
7655
6719
201
3731
5216
3485
8166
1787
5185
6335
4689
9337
9113
4977
1277
6737
4584
2591
7879
7588
356
9786
239
9642
3658
8188
6115
380
2474
345
5014
1664
94
7350
7585
19
8248
5320
9531
478
9071
1070
8283
331
8675
6628
3796
7574
3699
4572
1443
3341
3529
5633
8339
9911
8709
7696
5868
8233
8974
6
4893
2592
8010
9450
7005
4772
8158
6818
9422
6133
8696
9237
8792
6040
4619
5186
2442
5503
5037
8388
4565
1447
8159
6854
7219
1207
5383
1589
8485
5980
5351
6629
4253
4641
2781
4059
4165
5919
401
6994
4645
5072
9058
6022
6176
5146
754
5568
7148
3497
7311
259
3196
7553
3129
4914
4776
9870
864
8142
768
1059
9237
774
2443
6791
3090
8119
9059
351
9250
1516
6350
4541
4191
6489
2152
7292
6194
1674
918
7619
7577
8747
6961
7630
2536
2187
6587
9242
7049
4380
7458
9235
4049
1930
6473
4161
9476
3335